1 0 0 0
0 1 0 0
0 0 1 0
0 0 0 1
   
0.5 0.5 0.5 0.5
0+0.5i 0-0.5i 0+0.5i 0-0.5i
0.5 0.5 -0.5 -0.5
0-0.5i 0+0.5i 0+0.5i 0-0.5i
   
0.5 0.5 0.5 0.5
0.5 -0.5 -0.5 0.5
-0.5 0.5 -0.5 0.5
-0.5 -0.5 0.5 0.5
   
0.5 0.5 0.5 0.5
0.5 -0.5 -0.5 0.5
0+0.5i 0-0.5i 0+0.5i 0-0.5i
0-0.5i 0-0.5i 0+0.5i 0+0.5i
   
0.5 0.5 0.5 0.5
0-0.5i 0+0.5i 0-0.5i 0+0.5i
0-0.5i 0-0.5i 0+0.5i 0+0.5i
-0.5 0.5 0.5 -0.5
----------------------------------   
0.70711 0 0.70711 0
0 0.70711 0 0.70711
0.70711 0 -0.70711 0
0 0.70711 0 -0.70711
   
0.5 0.5 0.5 0.5
0+0.5i 0-0.5i 0+0.5i 0-0.5i
0-0.5i 0-0.5i 0+0.5i 0+0.5i
-0.5 0.5 0.5 -0.5
   
0.5 0.5 0.5 0.5
0+0.5i 0+0.5i 0-0.5i 0-0.5i
-0.5 0.5 -0.5 0.5
0-0.5i 0+0.5i 0+0.5i 0-0.5i
   
0 0 0.70711 0.70711
0.70711 0.70711 0 0
0 0 0+0.70711i 0-0.70711i
0-0.70711i 0+0.70711i 0 0
   
0.70711 0 0 0.70711
0-0.70711i 0 0 0+0.70711i
-0 0.70711 0.70711 0
-0 0+0.70711i 0-0.70711i 0
---------------------------------   
0.70711 0 0.70711 0
0 0.70711 0 0.70711
0 0.70711 0 -0.70711
0.70711 0 -0.70711 0
   
0 0.70711 0.70711 0
0.70711 0 0 0.70711
0-0.70711i 0 0 0+0.70711i
0 0+0.70711i 0-0.70711i 0
   
0.5 0.5 0.5 0.5
0.5 -0.5 0.5 -0.5
0+0.5i 0+0.5i 0-0.5i 0-0.5i
0+0.5i 0-0.5i 0-0.5i 0+0.5i
   
-0 0 0.70711 0.70711
-0 0 0.70711 -0.70711
0.70711 0.70711 0 0
-0.70711 0.70711 0 0
   
0.5 0.5 0.5 0.5
-0.5 0.5 0.5 -0.5
-0.5 -0.5 0.5 0.5
-0.5 0.5 -0.5 0.5
